

\begin{tabular*}{\linewidth}{@{\extracolsep{\fill}}l|rrrrrrrrr}
\toprule
 & c\_epu & c\_fcig & c\_vfci\_f1 & c\_vfci\_f12 & f\_unem & f\_vfci\_f1 & f\_vfci\_f12 & hr\_fin & hr\_macro \\ 
\midrule\addlinespace[2.5pt]
c\_epu & 1.00 & 0.07 & 0.45 & 0.20 & -0.51 & -0.45 & -0.19 & -0.32 & -0.25 \\ 
c\_fcig & 0.07 & 1.00 & 0.50 & 0.21 & -0.07 & -0.52 & 0.01 & 0.01 & -0.09 \\ 
c\_vfci\_f1 & 0.45 & 0.50 & 1.00 & 0.61 & -0.14 & -0.99 & 0.25 & 0.14 & -0.12 \\ 
c\_vfci\_f12 & 0.20 & 0.21 & 0.61 & 1.00 & 0.25 & -0.65 & 0.81 & 0.67 & 0.06 \\ 
f\_unem & -0.51 & -0.07 & -0.14 & 0.25 & 1.00 & 0.14 & 0.64 & 0.65 & 0.58 \\ 
f\_vfci\_f1 & -0.45 & -0.52 & -0.99 & -0.65 & 0.14 & 1.00 & -0.29 & -0.15 & 0.10 \\ 
f\_vfci\_f12 & -0.19 & 0.01 & 0.25 & 0.81 & 0.64 & -0.29 & 1.00 & 0.87 & 0.34 \\ 
hr\_fin & -0.32 & 0.01 & 0.14 & 0.67 & 0.65 & -0.15 & 0.87 & 1.00 & 0.37 \\ 
hr\_macro & -0.25 & -0.09 & -0.12 & 0.06 & 0.58 & 0.10 & 0.34 & 0.37 & 1.00 \\ 
\bottomrule
\end{tabular*}
\begin{minipage}{\linewidth}
c = Cholesky, f = FEVDFD, hr = Heteroskedasticity Regression\\
\end{minipage}


