

\begin{tabular*}{\linewidth}{@{\extracolsep{\fill}}l|rrrrrrrrr}
\toprule
 & c\_epu & c\_fcig & c\_vfci\_f1 & c\_vfci\_f12 & f\_unem & f\_vfci\_f1 & f\_vfci\_f12 & hr\_fin & hr\_macro \\ 
\midrule\addlinespace[2.5pt]
c\_epu & 1.00 & 0.11 & 0.50 & 0.15 & -0.55 & -0.41 & -0.17 & -0.30 & -0.49 \\ 
c\_fcig & 0.11 & 1.00 & 0.47 & 0.18 & 0.00 & -0.49 & 0.11 & -0.22 & 0.07 \\ 
c\_vfci\_f1 & 0.50 & 0.47 & 1.00 & 0.60 & -0.09 & -0.95 & 0.35 & -0.37 & 0.08 \\ 
c\_vfci\_f12 & 0.15 & 0.18 & 0.60 & 1.00 & 0.30 & -0.69 & 0.88 & -0.66 & 0.45 \\ 
f\_unem & -0.55 & 0.00 & -0.09 & 0.30 & 1.00 & -0.05 & 0.59 & 0.02 & 0.50 \\ 
f\_vfci\_f1 & -0.41 & -0.49 & -0.95 & -0.69 & -0.05 & 1.00 & -0.51 & 0.46 & -0.28 \\ 
f\_vfci\_f12 & -0.17 & 0.11 & 0.35 & 0.88 & 0.59 & -0.51 & 1.00 & -0.63 & 0.47 \\ 
hr\_fin & -0.30 & -0.22 & -0.37 & -0.66 & 0.02 & 0.46 & -0.63 & 1.00 & -0.32 \\ 
hr\_macro & -0.49 & 0.07 & 0.08 & 0.45 & 0.50 & -0.28 & 0.47 & -0.32 & 1.00 \\ 
\bottomrule
\end{tabular*}
\begin{minipage}{\linewidth}
c = Cholesky, f = FEVDFD, hr = Heteroskedasticity Regression\\
\end{minipage}


