

\begin{tabular*}{\linewidth}{@{\extracolsep{\fill}}l|rrrrrrrrr}
\toprule
 & c\_epu & c\_fcig & c\_vfci\_f1 & c\_vfci\_f12 & f\_unem & f\_vfci\_f1 & f\_vfci\_f12 & hr\_fin & hr\_macro \\ 
\midrule\addlinespace[2.5pt]
c\_epu & 1.00 & 0.10 & 0.47 & 0.16 & -0.50 & -0.46 & -0.16 & -0.24 & -0.30 \\ 
c\_fcig & 0.10 & 1.00 & 0.50 & 0.17 & -0.08 & -0.51 & 0.00 & -0.16 & 0.13 \\ 
c\_vfci\_f1 & 0.47 & 0.50 & 1.00 & 0.60 & -0.09 & -0.98 & 0.32 & -0.31 & 0.05 \\ 
c\_vfci\_f12 & 0.16 & 0.17 & 0.60 & 1.00 & 0.31 & -0.66 & 0.85 & -0.40 & 0.10 \\ 
f\_unem & -0.50 & -0.08 & -0.09 & 0.31 & 1.00 & 0.06 & 0.64 & 0.38 & 0.34 \\ 
f\_vfci\_f1 & -0.46 & -0.51 & -0.98 & -0.66 & 0.06 & 1.00 & -0.40 & 0.35 & -0.11 \\ 
f\_vfci\_f12 & -0.16 & 0.00 & 0.32 & 0.85 & 0.64 & -0.40 & 1.00 & -0.24 & 0.19 \\ 
hr\_fin & -0.24 & -0.16 & -0.31 & -0.40 & 0.38 & 0.35 & -0.24 & 1.00 & 0.09 \\ 
hr\_macro & -0.30 & 0.13 & 0.05 & 0.10 & 0.34 & -0.11 & 0.19 & 0.09 & 1.00 \\ 
\bottomrule
\end{tabular*}
\begin{minipage}{\linewidth}
c = Cholesky, f = FEVDFD, hr = Heteroskedasticity Regression\\
\end{minipage}


