\begin{longtable}{l|rrrrrr}
\toprule
\multicolumn{1}{l}{} & vfci & unemployment & output & consumption & investment & hours\_worked \\ 
\midrule\addlinespace[2.5pt]
vfci & $1.00$ & $0.75$ & $0.57$ & $0.36$ & $0.68$ & $0.77$ \\ 
unemployment & $0.75$ & $1.00$ & $0.88$ & $0.65$ & $0.95$ & $0.95$ \\ 
output & $0.57$ & $0.88$ & $1.00$ & $0.80$ & $0.94$ & $0.84$ \\ 
consumption & $0.36$ & $0.65$ & $0.80$ & $1.00$ & $0.69$ & $0.65$ \\ 
investment & $0.68$ & $0.95$ & $0.94$ & $0.69$ & $1.00$ & $0.91$ \\ 
hours\_worked & $0.77$ & $0.95$ & $0.84$ & $0.65$ & $0.91$ & $1.00$ \\ 
interest & $0.92$ & $0.80$ & $0.63$ & $0.36$ & $0.75$ & $0.80$ \\ 
inflation & $0.59$ & $0.41$ & $0.28$ & $0.02$ & $0.40$ & $0.41$ \\ 
labor\_share & $0.20$ & $-0.08$ & $-0.37$ & $-0.28$ & $-0.25$ & $0.00$ \\ 
productivity & $0.48$ & $0.30$ & $-0.12$ & $-0.26$ & $0.12$ & $0.37$ \\ 
TFP & $0.52$ & $0.50$ & $0.22$ & $0.13$ & $0.39$ & $0.56$ \\ 
\bottomrule
\end{longtable}
